freq	dB(S(1,2))
0.00000000000000000E0	-5.78596479931972496E-15
9.15010897112660793E0	-4.82163733276643747E-15
9.15010897112660793E1	-3.85730986621314997E-15
9.15010897112660793E2	-4.05017535952381547E-14
9.15010897112660793E3	-4.08585547578723940E-12
1.15193047044370678E4	-6.48028057524050638E-12
1.45019454186159269E4	-1.02585155891999236E-11
1.82568676079475911E4	-1.62595254135701883E-11
2.29840345714070171E4	-2.57677942338085986E-11
2.89351851874999522E4	-4.08363752262280411E-11
3.64272399275138659E4	-6.47227665728981272E-11
4.58591780262703264E4	-1.02581298582678215E-10
5.77332845812644013E4	-1.62567288640541019E-10
7.26818990656981345E4	-2.57658655792194402E-10
9.15010897112661326E4	-4.08354108996253995E-10
1.15193047044370744E5	-6.47195842944285182E-10
1.45019454186159313E5	-1.02573101804663280E-9
1.82568676079476022E5	-1.62566902923246270E-9
2.29840345714070304E5	-2.57650844774107401E-9
2.89351851874999699E5	-4.08347455223123390E-9
3.64272399275138881E5	-6.47186007021123810E-9
4.58591780262703530E5	-1.02571703584343732E-8
5.77332845812644369E5	-1.62564386165472441E-8
7.26818990656981789E5	-2.57644991650291155E-8
9.15010897112661681E5	-4.08334698034569854E-8
1.15193047044370811E6	-6.47153945302605571E-8
1.45019454186159380E6	-1.02563740713102258E-7
1.82568676079476044E6	-1.62544423062702448E-7
2.29840345714070349E6	-2.57595079569561758E-7
2.89351851874999877E6	-4.08209270807484437E-7
3.64272399275139014E6	-6.46839013768946014E-7
4.58591780262703619E6	-1.02484669758454583E-6
5.77332845812644546E6	-1.62345935690629140E-6
7.26818990656982145E6	-2.57097016483409302E-6
9.15010897112662214E6	-4.06960240908408366E-6
1.15193047044370855E7	-6.43709655491559829E-6
1.45019454186159469E7	-1.01701802166756861E-5
1.82568676079476200E7	-1.60392045043921239E-5
2.29840345714070571E7	-2.52238410906332700E-5
2.89351851875000055E7	-3.94947848776060262E-5
3.27155653823729153E7	-5.00353580453870350E-5
3.65137352158952400E7	-6.17044843320765590E-5
4.59680691428141142E7	-9.49991861984391583E-5
5.78703703750000109E7	-1.44126337626601675E-4
7.09032917846244981E7	-2.04710042931100489E-4
8.68055555624999897E7	-2.84600081430440710E-4
1.00608929034085004E8	-3.56565684930009219E-4
1.15740740750000026E8	-4.36142722817190975E-4
1.44675925937500027E8	-5.86087187325705372E-4
1.73611111124999984E8	-7.30967969167751264E-4
2.02546296312500029E8	-8.71746382604316139E-4
2.31481481500000053E8	-1.01075323713531162E-3
2.60416666687500031E8	-1.15031525676871893E-3
2.89351851875000055E8	-1.29230205314970981E-3
3.18287037062500033E8	-1.43806310078069988E-3
3.47222222249999968E8	-1.58849698522420946E-3
3.76157407437499947E8	-1.74414835014477210E-3
4.05092592625000059E8	-1.90529659392764916E-3
4.34027777812499949E8	-2.07202742347444069E-3
4.62962963000000105E8	-2.24428776170142497E-3
5.20833333375000063E8	-2.60472814193844471E-3
5.78703703750000109E8	-2.98474717747440366E-3
6.36574074125000067E8	-3.38202234581050654E-3
6.94444444499999936E8	-3.79416267401006735E-3
7.52314814874999893E8	-4.21892705316347261E-3
8.10185185250000117E8	-4.65434470346997564E-3
8.68055555624999897E8	-5.09877435845535043E-3
9.25925926000000210E8	-5.55092324573839235E-3
1.00308641981250002E9	-6.16419599866458778E-3
1.08024691362499992E9	-6.78812906553689466E-3
1.15740740743750026E9	-7.42214192613207935E-3
1.23456790124999993E9	-8.06628561342113848E-3
1.31172839506250005E9	-8.72104333578894853E-3
1.38888888887499973E9	-9.38714366519353760E-3
1.46604938268750029E9	-1.00653982537410625E-2
1.54320987649999974E9	-1.07565713287972331E-2
1.69753086412499998E9	-1.21799616712938841E-2
1.85185185175000022E9	-1.36598401277696357E-2
2.00617283937500002E9	-1.51961483929023045E-2
2.16049382700000026E9	-1.67908739696862264E-2
2.26766117974999970E9	-1.79423836680685822E-2
2.37482853249999959E9	-1.91630953097942358E-2
2.48199588524999948E9	-2.06016243417018741E-2
2.58916323799999981E9	-2.42123190397794241E-2
2.59452160562500023E9	-2.48018722065642283E-2
2.59987997324999975E9	-2.55668943446345720E-2
2.60523834087500017E9	-2.65997787586533896E-2
2.61059670850000014E9	-2.80651849702884304E-2
2.61595507612500011E9	-3.02816000487205983E-2
2.62131344375000008E9	-3.39355601877948310E-2
2.62667181137500005E9	-4.07467053515664279E-2
2.63203017899999958E9	-5.60869105218095676E-2
2.63336977090625002E9	-6.30120631190739822E-2
2.63470936281249912E9	-7.23223521841585715E-2
2.63604895471875000E9	-8.52120731642709117E-2
2.63738854662500000E9	-1.03656863422116263E-1
2.63805834257812544E9	-1.15929680870949392E-1
2.63872813853124999E9	-1.30994501891922166E-1
2.63939793448437499E9	-1.49626261267971938E-1
2.64006773043749954E9	-1.72788570643317763E-1
2.64073752639062498E9	-2.01596074010769932E-1
2.64140732234374909E9	-2.37127230112354193E-1
2.64207711829687586E9	-2.79899472001399996E-1
2.64274691424999997E9	-3.28732862320404218E-1
2.64341671020312496E9	-3.78924065036869084E-1
2.64408650615624996E9	-4.20767794496357350E-1
2.64475630210937496E9	-4.41437205014675182E-1
2.64542609806249995E9	-4.32285121034389874E-1
2.64609589401562539E9	-3.95962401565655320E-1
2.64676568996874950E9	-3.44409473360757534E-1
2.64743548592187494E9	-2.90249501750296268E-1
2.64810528187500038E9	-2.41246978145388757E-1
2.64877507782812538E9	-2.00250337132425882E-1
2.64944487378124993E9	-1.67256364805186819E-1
2.65011466973437448E9	-1.41132475092063614E-1
2.65078446568749948E9	-1.20524578354067202E-1
2.65145426164062537E9	-1.04216091006780975E-1
2.65212405759375036E9	-9.12221619764990166E-2
2.65279385354687536E9	-8.07807149842468419E-2
2.65346364949999947E9	-7.23131452931407992E-2
2.65614283331249990E9	-5.08895689898270476E-2
2.65882201712500033E9	-4.00119827592831889E-2
2.66150120093749942E9	-3.38881245610836324E-2
2.66418038474999985E9	-3.01651567880535687E-2
2.66685956856249984E9	-2.77669613752049216E-2
2.66953875237500027E9	-2.61519932253605258E-2
2.67221793618749981E9	-2.50261479929312358E-2
2.67489711999999979E9	-2.42195827948865494E-2
2.70061728450000027E9	-2.19626173703688732E-2
2.72633744899999986E9	-2.18894331722240532E-2
2.75205761349999989E9	-2.21018597850347343E-2
2.77777777799999992E9	-2.23735692158443689E-2
2.91666666674999986E9	-2.38802664715237523E-2
3.05555555550000024E9	-2.52945558761751910E-2
3.19444444424999974E9	-2.66513938585689392E-2
3.33333333300000012E9	-2.79757563867864167E-2
3.42013888856250015E9	-2.87954925450806165E-2
3.50694444412500062E9	-2.96146448290230513E-2
3.59374999968750064E9	-3.04381634917981314E-2
3.68055555524999978E9	-3.12713595691275881E-2
3.76736111081250025E9	-3.21199248692167227E-2
3.85416666637500072E9	-3.29899406569765663E-2
3.94097222193749985E9	-3.38879011390851259E-2
4.02777777750000077E9	-3.48207723966477189E-2
4.11458333306249990E9	-3.57961024017702023E-2
4.20138888862499993E9	-3.68221907061245535E-2
4.28819444418749907E9	-3.79083157965799700E-2
4.37499999974999998E9	-3.90650035015699126E-2
4.46180555531250000E9	-4.03043023392432165E-2
4.54861111087500003E9	-4.16400150235961064E-2
4.63541666643750094E9	-4.30878269822513094E-2
4.72222222200000097E9	-4.46652855686421191E-2
4.78920181737499995E9	-4.59831709591957427E-2
4.85618141274999982E9	-4.73991426306364172E-2
4.92316100812499968E9	-4.89232409307776361E-2
4.99014060350000044E9	-5.05663449018175015E-2
5.05712019887499942E9	-5.23409859622345319E-2
5.12409979425000106E9	-5.42634040277489760E-2
5.19107938962499915E9	-5.63585735561789924E-2
5.25805898499999991E9	-5.86732037851743549E-2
5.30271204850000011E9	-6.03859178433612520E-2
5.34736511200000031E9	-6.23093784539585727E-2
5.39201817550000051E9	-6.46063442746878547E-2
5.43667123899999982E9	-6.78309732437920765E-2
5.45899777074999992E9	-7.07163747038476131E-2
5.48132430250000002E9	-8.16749807312333687E-2
5.48690593543750094E9	-9.17778149751301520E-2
5.49248756837500096E9	-9.74883553200618813E-2
5.49388297660937486E9	-9.43286287393963185E-2
5.49527838484375053E9	-9.10611712612532287E-2
5.49667379307812443E9	-8.92765885083941413E-2
5.49806920131250099E9	-8.86667215796451735E-2
5.49946460954687399E9	-8.83467590604858444E-2
5.50086001778125055E9	-8.78318488342257808E-2
5.50225542601562445E9	-8.71296043219352256E-2
5.50365083425000012E9	-8.63527348777643056E-2
5.50923246718750015E9	-8.38842444782819285E-2
5.51481410012500195E9	-8.31160965215715208E-2
5.52039573306249931E9	-8.35605716452228720E-2
5.52597736600000111E9	-8.48581310484230755E-2
5.53602430549999891E9	-8.90575353626178945E-2
5.54607124500000026E9	-9.62042769053020308E-2
5.55611818449999983E9	-1.08374936548230894E-1
5.56616512400000030E9	-1.30936470153687790E-1
5.57118859362500007E9	-1.50057183211103196E-1
5.57621206324999985E9	-1.79127511080868218E-1
5.58123553287500052E9	-2.25638236334793696E-1
5.58625900249999940E9	-3.03742902004507176E-1
5.58751486990625068E9	-3.30779760454578620E-1
5.58877073731249929E9	-3.61658588716011709E-1
5.59002660471874968E9	-3.96753234965917834E-1
5.59128247212500007E9	-4.36290093249885569E-1
5.59253833953125046E9	-4.80197760832899512E-1
5.59379420693750085E9	-5.27889765232158759E-1
5.59505007434375035E9	-5.77991506709030034E-1
5.59630594174999896E9	-6.28073124544871675E-1
5.59756180915624846E9	-6.74529881364489725E-1
5.59881767656250062E9	-7.12821618357782327E-1
5.60007354396875012E9	-7.38242378598697790E-1
5.60132941137499962E9	-7.47138275267055185E-1
5.60258527878125001E9	-7.38101174296567741E-1
5.60384114618750040E9	-7.12484519979062192E-1
5.60509701359375079E9	-6.73917706534278071E-1
5.60635288100000029E9	-6.27121656339298728E-1
5.60886461581249929E9	-5.26238091369877026E-1
5.61137635062500095E9	-4.34166537213313042E-1
5.61388808543749995E9	-3.59410239156011535E-1
5.61639982025000073E9	-3.01676891415409631E-1
5.61891155506250151E9	-2.57823892588407855E-1
5.62142328987499873E9	-2.24518920792558507E-1
5.62393502468750039E9	-1.99033858078625636E-1
5.62644675950000028E9	-1.79323441681650975E-1
5.63147022912500184E9	-1.51704092079882003E-1
5.63649369874999984E9	-1.34096862606515077E-1
5.64151716837499961E9	-1.22506801493848250E-1
5.64654063799999939E9	-1.14741676203900078E-1
5.65658757724999983E9	-1.06201482903182898E-1
5.66663451649999939E9	-1.03527301585803277E-1
5.67668145575000160E9	-1.05439734637865090E-1
5.68672839500000027E9	-1.13066881545650166E-1
5.69119370150000137E9	-1.19319751933485563E-1
5.69565900799999980E9	-1.28341589928787947E-1
5.70012431450000001E9	-1.41323222170041141E-1
5.70458962100000022E9	-1.59839509527028589E-1
5.70548268225000044E9	-1.64346897378145274E-1
5.70637574349999976E9	-1.69141691766837798E-1
5.70726880474999909E9	-1.74224374613206723E-1
5.70816186600000020E9	-1.79588768628684803E-1
5.71039451912499985E9	-1.94106879933163001E-1
5.71262717225000038E9	-2.09677287720524452E-1
5.71485982537499915E9	-2.25055048859326634E-1
5.71709247850000146E9	-2.38246771956516623E-1
5.71932513162500022E9	-2.46818559920863612E-1
5.72155778474999988E9	-2.48735505913759125E-1
5.72379043787500130E9	-2.43361265377340974E-1
5.72602309100000006E9	-2.31833733130941644E-1
5.72834877140625043E9	-2.15773840420603147E-1
5.73067445181249902E9	-1.98273007181034622E-1
5.73300013221875115E9	-1.81337669034672833E-1
5.73532581262499974E9	-1.66059233192478573E-1
5.73765149303124922E9	-1.52827927657463425E-1
5.73997717343750047E9	-1.41624422415310214E-1
5.74230285384375083E9	-1.32240223310936766E-1
5.74462853424999942E9	-1.24407441084103754E-1
5.74927989506250015E9	-1.12382539657299607E-1
5.75393125587499998E9	-1.03939478191841728E-1
5.75858261668750071E9	-9.82973476831963744E-2
5.76323397750000055E9	-9.53241530010939897E-2
5.77253669912500023E9	-9.36416858319988954E-2
5.78183942074999990E9	-9.21754856168758430E-2
5.79114214237499958E9	-9.17662441276739571E-2
5.80044486400000014E9	-9.41782943523406502E-2
5.80230540825000052E9	-9.53543478012036694E-2
5.80416595250000000E9	-9.69425416935357553E-2
5.80602649674999860E9	-9.90919215395667052E-2
5.80788704099999986E9	-1.02017525305241530E-1
5.80974758524999935E9	-1.06023627794933906E-1
5.81160812949999972E9	-1.11513012489149710E-1
5.81346867375000009E9	-1.18919098516442268E-1
5.81532921799999958E9	-1.28384238628869807E-1
5.81599901393749974E9	-1.32162912146671907E-1
5.81666880987499990E9	-1.35986479293558293E-1
5.81733860581249917E9	-1.39691320908931793E-1
5.81800840175000111E9	-1.43065598402418548E-1
5.81867819768749861E9	-1.45864022524935932E-1
5.81934799362499966E9	-1.47838964102457338E-1
5.82001778956249982E9	-1.48784886284067408E-1
5.82068758550000087E9	-1.48584569736465810E-1
5.82135738143749926E9	-1.47240024350010890E-1
5.82202717737499853E9	-1.44874225631616227E-1
5.82269697331249869E9	-1.41702145196479057E-1
5.82336676924999974E9	-1.37983313083315906E-1
5.82403656518749990E9	-1.33974087065798120E-1
5.82470636112500006E9	-1.29893484222300470E-1
5.82537615706249845E9	-1.25907120697085229E-1
5.82604595299999950E9	-1.22126179431560367E-1
5.82716227962500088E9	-1.16161679035370469E-1
5.82827860624999960E9	-1.11172145707307135E-1
5.82939493287500010E9	-1.07115270506983795E-1
5.83051125950000060E9	-1.03864509272832173E-1
5.83162758612499843E9	-1.01276709071987936E-1
5.83274391275000070E9	-9.92218480486605436E-2
5.83386023937500031E9	-9.75923051160704880E-2
5.83497656600000170E9	-9.63029808211419791E-2
5.83683711025000029E9	-9.47388417661151827E-2
5.83869765450000067E9	-9.37289321063902570E-2
5.84055819874999838E9	-9.31397672764756734E-2
5.84241874299999964E9	-9.28915470908441243E-2
5.84474442343750056E9	-9.29977004135562879E-2
5.84707010387500059E9	-9.35436634218637764E-2
5.84939578431249974E9	-9.45480322417777330E-2
5.85172146475000154E9	-9.60537231125850255E-2
5.85404714518749891E9	-9.80740427629817901E-2
5.85637282562500072E9	-1.00444454498361790E-1
5.85869850606249898E9	-1.02519135753948643E-1
5.86102418650000168E9	-1.02949736022963245E-1
5.86334986693749993E9	-1.00485119953984503E-1
5.86567554737499908E9	-9.58112913546564826E-2
5.86800122781250089E9	-9.11834484257531841E-2
5.87032690825000003E9	-8.78700772573653843E-2
5.87265258868749918E9	-8.57819526304967717E-2
5.87497826912500187E9	-8.44921985519577667E-2
5.87730394956249924E9	-8.36851885324925782E-2
5.87962963000000105E9	-8.31747519880480901E-2
5.89248971224999973E9	-8.24701019149976133E-2
5.90534979450000019E9	-8.27801696902166739E-2
5.91820987674999976E9	-8.32955732692762751E-2
5.93106995899999934E9	-8.38807774384780558E-2
5.93750000024999913E9	-8.41878787774296100E-2
5.94393004150000070E9	-8.45020715382474918E-2
5.95036008275000050E9	-8.48222394722883699E-2
5.95679012400000030E9	-8.51475637195373380E-2
5.97608024750000144E9	-8.61484048589510110E-2
5.99537037100000170E9	-8.71764683702685872E-2
6.01466049450000106E9	-8.82209926259488597E-2
6.03395061799999866E9	-8.92733013184166069E-2
6.03636188340625068E9	-8.94050722176436174E-2
6.03877314881250093E9	-8.95368814255189704E-2
6.04118441421874941E9	-8.96687403040738396E-2
6.04359567962500055E9	-8.98006742913762857E-2
6.04480131232812479E9	-8.98666835114179996E-2
6.04600694503124991E9	-8.99327326898420587E-2
6.04721257773437504E9	-8.99988346915441007E-2
6.04841821043750105E9	-9.00650069316296964E-2
6.04962384314062440E9	-9.01312728300062638E-2
6.05082947584375042E9	-9.01976632039242787E-2
6.05203510854687288E9	-9.02642164329047780E-2
6.05324074125000067E9	-9.03309752264542354E-2
6.05444637395312579E9	-9.03979788879011181E-2
6.05565200665625003E9	-9.04652551747870426E-2
6.05685763935937516E9	-9.05328179044498071E-2
6.05806327206250117E9	-9.06006648224155775E-2
6.05926890476562541E9	-9.06687598270387518E-2
6.06047453746875053E9	-9.07369991750456073E-2
6.06168017017187388E9	-9.08051904949035915E-2
6.06288580287499990E9	-9.08730893268055873E-2
6.06529706828124926E9	-9.10074821822714242E-2
6.06770833368750040E9	-9.11408421081273978E-2
6.07011959909374887E9	-9.12737765901848874E-2
6.07253086450000090E9	-9.14045539148481367E-2
6.08217592612499836E9	-9.19197060781023190E-2
6.09182098774999936E9	-9.24408529497575948E-2
6.10146604937500037E9	-9.29599427283874746E-2
6.11111111100000048E9	-9.34793760703450438E-2
6.18055555549999891E9	-9.72728918022163214E-2
6.25000000000000000E9	-1.01536399386251608E-1
6.31944444450000109E9	-1.07476137402354399E-1
6.38888888899999952E9	-1.20595023918877131E-1
6.39210390956249963E9	-1.21833186393643067E-1
6.39531893012500063E9	-1.23220493372070750E-1
6.39853395068750075E9	-1.24792562218822201E-1
6.40174897124999909E9	-1.26597536418471979E-1
6.40335648153125181E9	-1.27607180966984579E-1
6.40496399181249920E9	-1.28701749507632379E-1
6.40657150209375015E9	-1.29893602356176996E-1
6.40817901237499843E9	-1.31196886125241363E-1
6.40898276751562435E9	-1.31894961956021661E-1
6.40978652265625026E9	-1.32626189715320697E-1
6.41059027779687529E9	-1.33391469485721648E-1
6.41139403293749943E9	-1.34190252898914553E-1
6.41219778807812624E9	-1.35019433044087878E-1
6.41300154321874949E9	-1.35872917219378309E-1
6.41380529835937363E9	-1.36746890230902607E-1
6.41460905350000132E9	-1.37662971283846014E-1
6.41501093107031295E9	-1.38160593792300412E-1
6.41541280864062458E9	-1.38705453760981801E-1
6.41581468621093798E9	-1.39311246620219675E-1
6.41621656378124960E9	-1.39981496708081998E-1
6.41661844135156390E9	-1.40706240578274522E-1
6.41702031892187552E9	-1.41466477624177189E-1
6.41742219649218715E9	-1.42243180364971544E-1
6.41782407406249966E9	-1.43024199919492379E-1
6.41862782920312469E9	-1.44590597125061815E-1
6.41943158434375061E9	-1.46192845003722471E-1
6.42023533948437386E9	-1.47879339330288984E-1
6.42103909462499978E9	-1.49689406572437855E-1
6.42264660490625072E9	-1.53797081584395157E-1
6.42425411518749989E9	-1.58736104219586904E-1
6.42586162546874995E9	-1.64769489854488116E-1
6.42746913575000001E9	-1.72265296583343197E-1
6.42907664603125095E9	-1.81761065285335532E-1
6.43068415631250012E9	-1.94062840576867668E-1
6.43229166659375018E9	-2.10410788939851923E-1
6.43389917687499935E9	-2.32760541721440006E-1
6.43550668715625118E9	-2.64250621791674334E-1
6.43711419743750035E9	-3.09893348164112892E-1
6.43872170771875041E9	-3.77138029382138695E-1
6.44032921799999958E9	-4.74016799081241746E-1
6.44113297314062550E9	-5.33628788284993405E-1
6.44193672828125052E9	-5.96748468605448945E-1
6.44274048342187466E9	-6.55651450867721142E-1
6.44354423856250058E9	-6.98613083018909808E-1
6.44434799370312383E9	-7.13329003173010534E-1
6.44515174884374886E9	-6.93383100260119978E-1
6.44595550398437656E9	-6.42966523466458462E-1
6.44675925912499981E9	-5.74727010784200054E-1
6.44756301426562395E9	-5.02589048009268513E-1
6.44836676940625075E9	-4.36155316035828911E-1
6.44917052454687489E9	-3.79676340867508566E-1
6.44997427968749992E9	-3.33716996437400937E-1
6.45077803482812406E9	-2.97078171028058602E-1
6.45158178996875087E9	-2.68055032955338923E-1
6.45238554510937412E9	-2.45040508850277128E-1
6.45318930024999826E9	-2.26707427425200514E-1
6.45640432081249838E9	-1.82593977766971483E-1
6.45961934137500116E9	-1.62401183446652952E-1
6.46283436193750038E9	-1.52407389922205283E-1
6.46604938249999872E9	-1.47350097236073174E-1
6.47247942362500073E9	-1.44084044222306362E-1
6.47890946475000096E9	-1.44871858192310721E-1
6.48533950587500119E9	-1.47176804144073037E-1
6.49176954699999964E9	-1.49531995736913026E-1
6.50462962924999921E9	-1.48898524430677170E-1
6.51748971149999967E9	-1.37176773987310918E-1
6.53034979375000013E9	-1.24222488475197723E-1
6.54320987600000059E9	-1.18797687745871494E-1
6.54963991724999950E9	-1.18963775073632361E-1
6.55606995849999930E9	-1.21147912883271114E-1
6.56249999974999998E9	-1.26565895916694404E-1
6.56893004099999978E9	-1.40005609880429893E-1
6.57021604924999814E9	-1.44830590162723771E-1
6.57150205750000005E9	-1.50883738196106232E-1
6.57278806575000107E9	-1.58472709565659486E-1
6.57407407399999943E9	-1.67845009161705816E-1
6.59722222224999921E9	-1.15565329387819093E-1
6.62037037050000077E9	-1.15556210039504093E-1
6.64351851874999966E9	-1.19206000810042778E-1
6.66666666700000121E9	-1.23119066060396332E-1
6.74382716087500000E9	-1.27836958895913821E-1
6.82098765474999880E9	-1.32627234364547419E-1
6.89814814862499937E9	-1.37517362330648951E-1
6.97530864250000082E9	-1.42505998188197402E-1
7.05246913637500050E9	-1.47572788393927312E-1
7.12962963024999929E9	-1.52686864387121490E-1
7.20679012412500253E9	-1.57813867348657055E-1
7.28395061800000043E9	-1.62921553570627831E-1
7.43827160550000066E9	-1.72985920408230354E-1
7.59259259299999911E9	-1.82810612842180209E-1
7.74691358049999934E9	-1.92582405539815205E-1
7.90123456799999957E9	-2.02904388986608941E-1
7.96296296299999984E9	-2.07467190392789469E-1
8.02469135800000188E9	-2.12501744301125406E-1
8.08641975299999949E9	-2.18273200692530533E-1
8.14814814799999887E9	-2.25228886379082427E-1
8.23388202999999841E9	-2.38568255921821892E-1
8.31961591199999972E9	-2.62363384561216240E-1
8.40534979399999926E9	-3.26942373289346611E-1
8.49108367600000058E9	-4.09881977229009120E-1
8.49822816624999788E9	-3.94268600845972594E-1
8.50537265650000052E9	-3.77770731294730266E-1
8.51251714674999960E9	-3.62080605709373948E-1
8.51966163700000223E9	-3.48217175094997700E-1
8.55538408774999937E9	-3.11167301920106221E-1
8.59110653850000006E9	-3.09867382837871741E-1
8.62682898925000075E9	-3.27574812744544142E-1
8.66255144000000143E9	-3.65626941247162929E-1
8.67112482825000086E9	-3.79996877829930835E-1
8.67969821649999851E9	-3.97904399736537773E-1
8.68827160474999971E9	-4.20933052472705338E-1
8.69684499299999914E9	-4.51763791351452682E-1
8.70256058512500275E9	-4.78885122591563928E-1
8.70827617725000280E9	-5.13917994988599958E-1
8.71399176937499931E9	-5.60590706311520748E-1
8.71970736149999937E9	-6.24304273589357894E-1
8.72256515756249939E9	-6.64473384400416833E-1
8.72542295362499942E9	-7.10775660407062393E-1
8.72828074968749945E9	-7.62516122973817101E-1
8.73113854575000303E9	-8.16936414978918179E-1
8.73256744378125127E9	-8.43449260258503131E-1
8.73399634181250129E9	-8.68156892076020803E-1
8.73542523984374952E9	-8.89847774146576853E-1
8.73685413787499954E9	-9.07276509442651857E-1
8.73828303590625310E9	-9.19335219053570896E-1
8.73971193393749957E9	-9.25244998975163035E-1
8.74114083196875136E9	-9.24714625276407176E-1
8.74256972999999959E9	-9.18012441012054126E-1
8.74542752612499896E9	-8.89600620281177967E-1
8.74828532225000011E9	-8.49543964611271285E-1
8.75114311837499947E9	-8.07416569432994713E-1
8.75400091450000239E9	-7.69418823760588033E-1
8.75685871062500176E9	-7.38169276533832353E-1
8.75971650674999935E9	-7.13957107164298943E-1
8.76257430287500227E9	-6.95965093035914162E-1
8.76543209899999987E9	-6.83019576733707812E-1
8.76886145424999697E9	-6.72502857208430704E-1
8.77229080949999762E9	-6.65800752089665338E-1
8.77572016475000183E9	-6.61470441996038261E-1
8.77914951999999893E9	-6.58358291359553238E-1
8.78600823049999846E9	-6.52301897743514747E-1
8.79286694099999977E9	-6.42414482376611939E-1
8.79972565149999930E9	-6.25928553046438463E-1
8.80658436199999883E9	-6.02280614877022025E-1
8.81687242787500125E9	-5.56605170941228877E-1
8.82716049375000011E9	-5.06701090306493285E-1
8.83744855962499898E9	-4.61326029620534506E-1
8.84773662549999784E9	-4.25725085510885215E-1
8.85802469137500026E9	-4.01188970463317673E-1
8.86831275724999912E9	-3.86067601247505365E-1
8.87860082312500154E9	-3.76732694742026197E-1
8.88888888900000040E9	-3.68326641508903707E-1
8.90174897125000086E9	-3.51859428298743193E-1
8.91460905350000132E9	-3.24600195876891151E-1
8.92746913575000001E9	-2.89750552699628949E-1
8.94032921799999869E9	-2.54599950591952595E-1
9.00462962949999834E9	-1.63206369557094400E-1
9.06893004099999978E9	-1.46867730025407228E-1
9.13323045250000121E9	-1.45808845819367128E-1
9.19753086400000086E9	-1.47900898513754431E-1
9.27469135787500143E9	-1.51049427924054536E-1
9.35185185175000022E9	-1.54000463340600890E-1
9.42901234562500079E9	-1.56619004538844520E-1
9.50617283950000136E9	-1.58978840583716585E-1
9.58333333337500015E9	-1.61198722206549894E-1
9.66049382724999894E9	-1.63399079414651260E-1
9.73765432112499774E9	-1.65689637522496946E-1
9.81481481500000186E9	-1.68165827009680324E-1
9.86111111125000050E9	-1.69774840960686024E-1
9.90740740750000093E9	-1.71495229002802430E-1
9.95370370374999958E9	-1.73340901811614057E-1
1.00000000000000000E10	-1.75325014619283093E-1


